spawn:
  world: world
  x: -349.2435419263525
  y: 63.0
  z: 272.46692804608233
  yaw: -89.452392578125
  pitch: 1.7998669147491455
first-join-spawn:
  world: world
  x: -349.2435419263525
  y: 63.0
  z: 272.46692804608233
  yaw: -89.452392578125
  pitch: 1.7998669147491455
